num ; coinc ; date ; time ; sec ; RecTime ; A ; B ; C ; COINC ; Pressure ; Temp ; Humidity ; Altitude 
2; ABC; 3/1/2022; 8:8:45; 804; 600; 10379; 441737; 14600; 678; 0.00; 0.00; 0.00; 44330.00
2; ABC; 3/1/2022; 8:8:45; 804; 600; 10379; 441737; 14600; 0; 0.00; 0.00; 0.00; 44330.00
3; ABC; 3/1/2022; 8:18:46; 1405; 600; 11365; 494603; 18050; 670; 0.00; 0.00; 0.00; 44330.00
4; ABC; 3/1/2022; 8:28:46; 2005; 600; 12534; 526947; 19838; 643; 0.00; 0.00; 0.00; 44330.00
5; ABC; 3/1/2022; 8:38:46; 2605; 600; 13861; 566832; 22729; 672; 0.00; 0.00; 0.00; 44330.00
6; ABC; 3/1/2022; 8:48:46; 3205; 600; 15200; 636509; 26476; 649; 0.00; 0.00; 0.00; 44330.00
7; ABC; 3/1/2022; 8:58:47; 3806; 600; 16324; 697143; 31015; 689; 0.00; 0.00; 0.00; 44330.00
8; ABC; 3/1/2022; 9:8:47; 4406; 600; 17880; 759868; 36771; 637; 0.00; 0.00; 0.00; 44330.00
9; ABC; 3/1/2022; 9:18:47; 5006; 600; 19607; 817786; 42877; 682; 0.00; 0.00; 0.00; 44330.00
