(altitude ;latitude ;date ;time ;#entry ;binwidth)

Altitude (altitude ;37.56 127.04 ;date ;time ;#entry ;binwidth)
(30 ;37.56, 127.04 ;0327 ;1150_1500 ;19 ;5) (8, 568.2, 17.5)   
(50 ;37.56, 127.04 ; ; ;binwidth) (5fail) (4fail) 				#	
(60 ;37.56, 127.04 ; ; ;binwidth) 
(74 ;37.56, 127.04 ;0318 ;1226_1500 ;15 ;4) (8fail, 630.1, 170.1)               #
(74 ;37.56, 127.04 ;0330 ;1226_1500 ;18 ;5) (5fail, 610.1, 97.9)
(74 ;37.56, 127.04 ;0318+0330 ;1226_1500 ;18 ;5) (10, 595.6, 13.1)
(836 ;37.66, 127.00 ; ; ; ;binwidth)

Latitude(Altitude ;latitude ;date ;time ;#entry ;binwidth ;mean ;std)
Je (total ;52 ;6) (10, 608.6, 10.9) 
(19 ;33.45, 126.92 ;0210 ;1030_1434 ;24 ;5) (5, 573.3, 18.0)
(19 ;33.45, 126.92 ;0210 ;1914_2357 ;28 ;5) (5, 634.2, 20.5)

Hae (total ;43 ;6) (6, 632.3, 14.2)  
(36 ;34.30, 126.53 ;0206 ;1237_1539 ;15 ;4) (5, 606.4, 23.2) (4, 606.5, 31.3)    
(36 ;34.30, 126.53 ;0206 ;1607_1737 ;9 ;4)  (8, 630.3, 31.6)                    
(36 ;34.30, 126.53 ;0206 ;2056_0010 ;19 ;5) (5,661,51.9)

Gwang (total ;43 ;6) (10, 663.3, 11.8)
(59 ;35.14, 126.92 ;0205 ;1230_1446 ;11 ;4) (8, 649.7, 15.3)             
(67 ;35.14, 126.92 ;0205 ;1555_1810 ;13 ;4) (10, 663.3, 11.8)  			 
(67 ;35.14, 126.92 ;0205 ;2050_0000 ;19 ;5) (5, 657.3, 20.9)

Dae (total ;29 ;5) (5, 671.5, 30.7)
(60 ;36.32, 127.42 ;0204 ;1554_1734 ;10 ;4) (5fail) (4, 639.2, 24.7)
(60 ;36.32, 127.42 ;0204 ;2110_0020 ;19 ;5) (5, 680.7, 23.6)


nam (5fail, 734.7, 3884.0) (4fail, 735.5, 4999.2)				 #
jan (5, 366.3, 0.7)
feb (5, 358.1, 0.6)
mar (5, 342.1, 0.7)



